***************************************************
*                                                 *
*          RESULTS FROM KNAPSACK INSTANCES         *
*                                                 *
***************************************************

Elapsed time: 18.34177 seconds



***************************************************
*                      OUTPUTS                    *
***************************************************

BEST SOLUTION Using Branch and Bound:

--------------------------------------------

Items taken into the knapsack are 0 0 0 0 0 0 0 0 0 0 0 0 0 0 1 0 1 0 1 0 1 0 1 0 0 0 1 0 1 0 1 0 0 0 0 0 0 0 0 0 0 0 0 0 0 0 0 0 0 0 0 0 0 0 0 0 0 0 0 0 0 0 0 0 0 0 0 0 0 0 0 0 0 0 0 0 0 0 0 0 0 0 0 0 0 0 0 0 0 0 0 0 0 0 0 0 0 0 0 1 
Maximum profit is 99837.0



